3,2
3,1
3,3
10,79
10,221
10,29
10,91
10,13
10,31
10,157
11,15
11,29
11,25
8,6
8,11
8,10
8,12
8,17
8,4
8,2
8,3
855,4
855,3
855,2
855,1
855,0
853,5
853,4
853,3
853,2
853,1
853,0
852,6
852,5
852,4
852,3
852,2
852,1
852,0
850,4
850,3
850,2
850,1
850,0
849,4
849,3
849,2
849,1
849,0
848,3
848,2
848,1
848,0
847,4
847,3
847,2
847,1
847,0
846,4
846,3
846,2
846,1
846,0
844,4
844,3
844,2
844,1
844,0
842,4
842,3
842,2
842,1
842,0
840,4
840,3
840,2
840,1
840,0
838,3
838,2
838,1
20,3
20,2
20,1
19,3
19,2
19,1
12,3
12,2
12,1
11,30
11,27
11,22
11,19
11,18
11,12
11,9
11,8
11,7
11,6
11,3
11,2
11,1
10,306
10,290
10,259
10,252
10,231
10,223
18,1
18,3
10,214
14,1
14,3
13,1
13,3
10,213
10,201
